1.0151852837705164
1.0196007460857595
1.0240183984010027
1.0284350507162459
1.0328943521542961
1.0404165708714699
1.048074905255643
1.055800559942878
1.0637448179709512
1.0717205283323576
1.0795149466461451
1.0873086503958305
1.095188972781879
1.1042043193901498
1.1133245089984207
1.1182540852257397
1.1230801914115187
1.127884615930631
1.1325984599951981
1.1381915133513003
1.1437705639011673
1.1493440511177009
1.1552686073342342
1.1611289323126728
1.167059908899362
1.172343890819385
1.1777198710965509
1.1830981761211914
1.1885904046581979
1.1941825054396027
1.1997028810694919
1.2054485066993812
1.21081354672321
1.2164165980488597
1.2222177726216354
1.2231387895265484
1.2243675462573702
1.2270716153557135
1.2298154191207233
1.232518922517386
1.2353454355807152
1.238894418560711
1.2421307661121355
1.245935047769836
1.2498215874275365
1.2544227950961615
1.2578181173733602
1.2625160821267494
1.2666439772134719
1.270957500643806
1.2750680209789025
1.279364305980665
1.2841455891123912
1.289734089667194
1.2945435525126585
1.3041036058362159
1.3130811701529232
1.322404073398202
1.3320008766434808
1.3430509846506644
1.3517369690838734
1.3629878677908913
1.3729064607584138
1.3823212664402218
1.392379663026792
1.4033046792370991
1.4135685027964087
1.4243479826890517
1.4352308743594722
1.4463335402313582
1.4565644037222916
1.4671893033950434
1.4779010081531603
1.4889124738001658
1.500151564258459
1.5112338345027114
1.5225853131728553
1.5343047207318874
1.5465111499575863
1.5585875088499523
1.5699542874756514
1.5830466864053798
1.5956549048479287
1.608379031623811
1.622128572801359
1.6342595624164493
1.648363562099948
1.6593051440860782
1.6699344590722087
1.6811786581320716
1.6916621891919346
1.703246329926216
1.7154065299758128
1.7270488856920767
1.7397310030512165
1.7543265335689426
1.7681786437008877
1.7818317954994998
1.7948005190280134
1.807169030758908
1.8193254767322269
1.8306589300388791
1.839139119072027
1.84619830061708
1.862997536328799
1.8776973181357566
1.8955037604371119
1.913409203682912
1.931414371928712
1.9495456141671856
1.9652590480723262
1.9823014246290656
2.0022047866040595
2.021168412864768
2.0421842651058686
2.0625234377315844
2.0854654839543936
2.1069286645408387
2.1270778401272845
2.1484326725232537
2.1697296896708873
2.191746141864194
2.213982793057501
2.236242119128874
2.2551681703887256
2.273304285259719
2.293030417352934
2.3110461322466955
2.3304614844918707
2.352579867403712
2.3784672631885693
2.4098630641636696
2.441431644198427
2.473129464320654
2.5167920964428814
2.5595900612270084
2.605155878765826
2.651908441304643
2.7018436327958417
2.7566290882870406
2.8027579300893497
2.8583613362249927
2.9143287933606357
2.972501917281992
3.0328380370454546
3.0941852337676474
3.160741745844818
3.2243514529219888
3.2887602439991594
3.3543091514096637
3.416624762820168
3.482010558980673
3.5479481381411766
3.615165865158824
3.69619
3.77205
3.84832
3.9246700000000003
4.0007600000000005
4.076420000000001
4.15141
4.22586
4.300400000000001
4.375900000000001
4.45301
4.5318000000000005
4.61212
4.694100000000001
4.777830000000001
4.86329
4.95059
5.03948
5.129110000000001
5.21837
5.306430000000001
5.39294
5.47801
5.56174
5.64442
5.726240000000001
5.80721
5.88726
5.9664600000000005
6.044930000000001
6.12277
6.2
6.27672
6.3532
6.429760000000001
6.5066500000000005
6.58396
6.66164
6.739610000000001
6.817740000000001
6.8958900000000005
6.9740400000000005
7.0521400000000005